2,10
2,9
2,8
2,7
2,6
2,5
2,4
2,12
2,2
2,109
2,1
1,8
1,7
1,6
2,3
1,5
2,0
1,4
1,3
1,2
4,1
1,1
4,3
1,0
4,0
0,507
0,504
0,503
0,501
0,489
0,488
0,486
0,480
0,476
0,473
0,472
0,464
0,463
0,462
0,458
0,457
0,456
0,454
0,451
0,449
0,448
0,447
0,445
0,443
0,427
0,412
0,411
0,407
0,405
0,390
0,385
0,382
0,381
0,379
0,377
0,375
0,374
0,371
0,370
0,368
0,367
0,364
0,362
0,361
0,358
0,357
0,356
0,354
0,353
0,351
0,349
0,348
0,347
0,344
0,342
0,341
0,337
0,336
0,335
0,334
0,333
0,332
0,322
0,243
503,58
503,1
503,3
0,328
0,321
503,0
0,345
0,9
0,310
0,305
0,329
0,325
0,324
0,481
0,459
0,455
0,450
0,446
0,431
0,453
0,369
0,359
0,387
0,460
0,461
0,346
0,308
0,304
0,303
0,302
0,307
0,444
0,12
0,373
0,10
0,478
0,8
0,0
0,432
0,300
0,416
0,299
0,422
0,298
0,311
0,297
0,296
0,498
0,295
0,360
0,294
0,399
0,293
0,292
0,391
0,291
0,290
0,380
0,289
0,288
0,502
0,287
0,482
0,286
0,465
0,285
0,424
0,284
0,500
0,283
0,484
0,282
0,421
0,281
0,420
0,280
0,365
0,279
0,418
0,278
0,277
0,414
0,276
0,468
2,11
2,13
2,15
2,16
2,18
2,19
2,21
2,23
2,24
2,26
2,27
2,29
2,31
2,32
2,34
2,35
2,65
2,66
2,68
2,70
2,71
2,73
2,74
2,76
2,78
2,79
2,81
2,82
2,84
2,85
2,87
2,89
2,90
2,92
2,93
2,95
2,97
2,98
2,100
2,101
2,103
2,104
2,106
2,108
2,110
2,112
2,113
2,115
2,117
2,118
2,120
2,121
2,123
2,125
2,126
2,128
2,129
2,131
2,132
3,1
3,3
3,4
3,6
4,2
24,1
24,3
24,4
24,6
24,7
24,9
25,0
25,2
25,4
25,5
25,7
25,8
25,10
25,12
25,13
25,15
25,16
25,18
25,19
25,21
26,1
26,2
26,4
26,5
26,7
26,9
26,10
26,12
26,13
26,15
26,17
26,18
26,20
26,21
27,1
27,2
27,4
27,6
27,7
27,9
27,10
27,12
27,14
27,15
27,17
27,18
27,20
27,21
27,23
27,25
28,0
28,2
28,3
28,5
28,7
28,8
29,1
29,2
29,4
30,0
30,2
30,4
30,5
31,0
31,1
31,3
32,0
32,1
32,3
32,4
32,6
32,7
33,0
33,2
33,3
33,5
33,6
34,0
34,2
34,3
34,5
34,6
35,1
35,3
35,4
35,6
35,7
36,1
36,2
36,4
36,6
36,7
36,9
37,0
37,2
37,4
37,5
38,1
38,2
38,4
39,0
39,2
39,4
40,0
40,2
40,3
40,5
41,1
41,2
41,4
41,5
42,1
42,2
42,4
43,0
43,1
43,3
43,4
43,6
43,8
43,9
43,11
43,12
43,14
44,0
44,1
44,3
44,4
45,1
45,2
45,4
45,6
45,7
46,0
46,1
46,3
47,1
47,2
47,4
48,0
48,2
48,3
48,5
49,0
49,1
49,3
49,4
49,6
50,0
50,1
50,3
50,4
50,6
51,0
51,2
51,4
51,5
51,7
52,0
52,2
52,4
52,5
53,1
53,2
53,4
53,5
54,1
54,3
54,4
54,6
55,0
55,2
55,4
55,5
56,1
56,2
56,4
56,6
57,0
57,2
57,3
57,5
57,6
58,1
58,3
58,4
58,6
59,0
59,2
59,4
60,0
60,2
60,3
61,0
61,1
61,3
61,5
61,6
61,8
62,0
62,2
62,4
62,5
62,7
62,8
62,10
62,11
62,13
62,15
62,16
62,18
63,0
63,2
63,4
63,5
64,1
64,2
64,4
64,6
65,0
65,2
65,3
66,0
66,1
66,3
66,5
67,0
67,2
67,3
67,5
67,7
67,8
68,0
68,1
68,3
68,4
68,6
69,1
69,2
69,4
69,5
70,0
70,2
70,3
70,5
70,6
71,1
71,2
71,4
71,6
71,7
72,1
72,2
72,4
72,6
72,7
73,1
73,2
73,4
73,6
73,7
74,1
74,2
74,4
74,5
74,7
74,9
74,10
75,1
75,2
75,4
76,0
76,1
76,3
76,4
76,6
77,0
77,2
78,0
78,1
78,3
78,4
78,6
78,8
78,9
78,11
79,0
79,2
79,3
79,5
80,0
80,1
80,3
80,4
80,6
81,1
81,2
81,4
81,5
82,0
82,1
82,3
82,5
82,6
83,1
83,2
83,4
83,6
83,7
83,9
83,10
84,1
84,3
84,4
84,6
84,7
84,9
84,10
84,12
84,14
84,15
84,17
84,18
84,20
84,22
84,23
84,25
84,26
84,28
84,29
84,31
84,33
84,34
84,36
84,37
84,39
84,41
85,0
85,2
85,3
85,5
85,6
86,1
86,3
86,4
87,0
87,1
87,3
88,1
88,2
89,0
89,1
89,3
90,0
90,1
90,3
90,4
90,6
90,7
91,1
91,3
91,4
91,6
91,7
92,1
92,3
92,4
92,6
93,0
93,2
93,3
93,5
94,1
94,2
94,4
94,5
95,0
95,2
95,3
95,5
95,6
96,1
96,2
96,4
97,1
97,2
97,4
98,0
98,2
98,4
99,0
99,2
99,3
99,5
99,6
100,0
100,2
100,3
100,5
100,6
101,1
101,3
101,4
102,1
102,2
102,4
103,1
103,2
103,4
104,0
104,2
104,3
105,0
105,2
105,3
106,1
106,2
106,4
107,0
107,1
107,3
107,4
108,1
108,2
108,4
109,1
109,2
109,4
110,0
110,2
111,0
111,1
111,3
112,0
112,2
112,3
113,0
113,2
113,3
114,0
114,1
114,3
114,5
114,6
115,1
115,2
115,4
116,1
116,2
116,4
117,0
117,2
117,3
118,0
118,2
118,3
118,5
119,0
119,2
119,4
119,5
119,7
120,0
120,2
120,3
120,5
121,0
121,1
121,3
121,4
122,0
122,2
122,3
122,5
122,6
122,8
122,9
122,11
123,0
123,1
123,3
123,4
123,6
123,8
123,9
124,1
124,2
124,4
124,5
124,7
124,9
125,0
125,2
125,3
125,5
125,7
125,8
126,0
126,1
126,3
126,5
126,6
126,8
126,9
126,11
127,0
127,2
127,4
127,5
127,7
127,8
127,10
127,12
128,0
128,2
128,3
129,0
129,1
129,3
129,5
129,6
130,0
130,1
130,3
131,1
131,2
131,4
131,5
132,1
132,2
132,4
132,6
132,7
133,1
133,2
133,4
134,1
134,2
134,4
134,5
134,7
135,1
135,2
135,4
135,5
136,1
136,2
136,4
137,0
137,1
137,3
137,4
137,6
138,1
138,2
138,4
138,5
139,1
139,2
139,4
140,1
140,2
140,4
140,5
141,0
141,2
141,3
141,5
142,0
142,2
142,3
143,0
143,2
143,3
143,5
144,0
144,2
144,4
144,5
145,1
145,2
146,0
146,2
146,3
146,5
147,0
147,2
147,3
147,5
148,1
148,2
148,4
148,5
149,0
149,2
149,3
149,5
150,0
150,2
150,3
151,0
151,2
151,3
152,1
152,2
152,4
152,6
152,7
152,9
152,10
153,0
153,1
153,3
153,5
154,0
154,2
154,3
154,5
155,0
155,1
155,3
156,0
156,2
156,3
156,5
157,1
157,2
158,0
158,1
158,3
159,0
159,1
159,3
159,4
160,1
160,3
160,4
160,6
160,7
161,1
161,2
161,4
161,6
162,0
162,2
162,3
162,5
163,1
163,2
163,4
164,0
164,2
164,3
164,5
164,7
164,8
164,10
164,11
164,13
164,15
165,0
165,2
165,3
165,5
165,6
166,0
166,2
166,3
166,5
167,0
167,2
167,4
167,5
167,7
167,8
168,0
168,2
168,3
168,5
169,0
169,2
169,3
170,0
170,2
170,3
170,5
170,6
171,0
171,2
171,3
172,1
172,2
173,0
173,1
173,3
173,5
173,6
174,0
174,1
174,3
174,5
175,0
175,2
175,3
175,5
175,6
176,1
176,3
176,4
177,0
177,1
177,3
177,5
178,0
178,2
178,3
178,5
178,6
179,0
179,2
179,3
179,5
180,0
180,2
180,4
180,5
181,1
181,2
181,4
181,6
181,7
182,1
182,2
182,4
182,5
183,0
183,2
183,3
184,0
184,1
184,3
184,5
184,6
185,1
185,2
185,4
185,5
186,0
186,2
186,3
187,0
187,1
187,3
187,5
187,6
188,0
188,1
188,3
188,4
188,6
189,1
189,2
189,4
189,5
189,7
190,1
190,2
190,4
191,0
191,2
191,4
191,5
192,1
192,2
192,4
193,0
193,2
193,4
193,5
194,0
194,1
194,3
194,5
194,6
195,1
195,2
195,4
195,5
196,0
196,2
196,3
197,0
197,1
197,3
197,5
197,6
198,1
198,2
198,4
199,0
199,2
199,4
199,5
200,0
200,1
200,3
200,5
200,6
201,1
201,2
201,4
202,0
202,2
202,4
202,5
203,1
203,2
203,4
204,1
204,2
204,4
204,5
204,7
205,1
205,2
205,4
205,5
206,1
206,2
206,4
206,6
206,7
207,1
207,2
207,4
207,6
207,7
208,0
208,1
208,3
208,4
208,6
209,0
209,1
209,3
209,4
210,0
210,2
210,3
210,5
210,6
211,1
211,2
211,4
211,6
212,0
212,2
212,3
212,5
213,0
213,1
213,3
213,4
214,0
214,2
214,3
214,5
215,0
215,2
215,3
215,5
216,1
216,2
216,4
216,5
217,1
217,3
217,4
217,6
217,7
218,1
218,2
218,4
219,0
219,1
219,3
219,4
219,6
220,1
220,2
220,4
220,5
220,7
220,8
221,1
221,3
221,4
222,0
222,1
222,3
223,1
223,2
223,4
223,5
224,1
224,3
224,4
224,6
225,0
225,2
225,3
225,5
226,0
226,1
226,3
226,4
227,0
227,2
227,3
227,5
228,0
228,2
228,3
228,5
229,0
229,1
229,3
229,4
230,0
230,2
230,3
230,5
231,0
231,2
231,3
231,5
232,0
232,1
232,3
232,4
233,0
233,2
233,3
233,5
233,6
234,1
234,2
234,4
235,0
235,1
235,3
235,4
235,6
236,1
236,2
236,4
236,5
237,1
237,3
237,4
237,6
238,0
238,2
238,3
238,5
239,1
239,2
239,4
239,5
240,1
240,3
240,4
240,6
240,7
240,9
241,0
241,2
241,4
242,0
242,2
242,3
242,5
243,1
243,2
243,4
243,5
244,1
244,2
244,4
245,0
245,1
245,3
245,4
246,1
246,3
246,4
246,6
246,7
247,0
247,2
247,3
248,0
248,1
248,3
248,4
249,1
249,3
249,4
249,6
249,7
250,1
250,3
250,4
251,1
251,2
251,4
251,5
252,0
252,2
252,3
252,5
252,6
253,1
253,3
253,4
253,6
254,0
254,2
254,3
254,5
255,0
255,1
255,3
255,4
255,6
256,1
256,2
256,4
256,5
256,7
257,0
257,2
258,0
258,1
258,3
258,4
259,1
259,3
259,4
260,1
260,2
260,4
261,1
261,2
261,4
261,5
262,1
262,2
262,4
263,0
263,1
263,3
263,4
264,1
264,3
264,4
265,1
265,2
265,4
265,5
266,1
266,3
266,4
266,6
267,0
267,2
267,4
267,5
268,1
268,2
268,4
269,0
269,2
269,4
270,0
270,2
270,3
271,0
271,2
271,3
271,5
271,6
272,1
272,3
272,4
273,1
273,2
273,4
274,0
274,2
274,4
275,0
275,2
275,3
276,0
276,2
276,3
277,0
277,1
277,3
277,4
278,1
278,3
278,4
279,1
279,2
279,4
280,1
280,2
280,4
281,0
281,2
281,3
282,0
282,2
282,3
283,0
283,1
283,3
284,0
284,1
284,3
284,4
285,1
285,2
285,4
286,0
286,1
286,3
286,4
287,1
287,3
287,4
288,0
288,1
288,3
289,0
289,1
289,3
289,4
290,1
290,2
290,4
291,1
291,2
291,4
291,5
292,1
292,3
292,4
292,6
292,7
293,0
293,1
293,3
293,5
293,6
294,0
294,1
294,3
294,5
294,6
295,0
295,1
295,3
295,4
296,0
296,2
296,3
296,5
296,6
297,1
297,3
297,4
297,6
298,0
298,2
299,0
299,1
299,3
299,4
299,6
299,7
300,0
300,2
300,3
300,5
300,6
301,0
301,2
301,3
302,0
302,1
302,3
302,4
303,1
303,3
303,4
304,1
304,2
304,4
304,6
304,7
305,1
305,2
305,4
305,5
305,7
306,1
306,2
306,4
306,5
306,7
307,0
307,1
307,3
307,4
308,1
308,3
308,4
309,1
309,2
309,4
309,5
310,0
310,2
310,3
311,0
311,1
311,3
311,5
312,0
312,2
312,3
312,5
313,0
313,2
313,4
313,5
314,1
314,2
314,4
315,1
315,2
315,4
316,0
316,2
316,3
316,5
317,1
317,2
317,4
317,5
318,0
318,2
318,3
318,5
319,0
319,2
319,3
319,5
320,0
320,1
320,3
320,4
320,6
321,1
321,2
321,4
321,5
322,1
322,3
322,4
323,1
323,2
323,4
324,0
324,2
324,4
324,5
324,7
325,0
325,2
325,4
325,5
325,7
325,8
326,0
326,1
326,3
326,5
326,6
327,1
327,2
327,4
327,6
328,0
328,2
328,3
328,5
328,6
329,1
329,3
329,4
329,6
329,7
330,1
330,3
330,4
331,1
331,2
331,4
331,6
331,7
332,1
332,2
332,4
332,5
333,0
333,2
333,3
334,0
334,1
334,3
334,5
334,6
335,1
335,2
335,4
336,0
336,2
336,4
337,0
337,2
337,3
337,5
338,1
338,2
339,0
339,1
339,3
339,4
340,1
340,3
340,4
340,6
340,7
341,0
341,2
341,3
341,5
342,0
342,2
342,3
343,0
343,2
343,3
344,0
344,1
344,3
345,0
345,1
345,3
345,4
346,1
346,3
346,4
347,0
347,1
347,3
347,4
347,6
348,0
348,1
348,3
348,4
349,0
349,2
349,3
349,5
350,0
350,2
350,3
350,5
351,0
351,1
351,3
351,4
351,6
352,1
352,2
352,4
353,0
353,2
353,3
354,0
354,2
354,3
354,5
354,6
355,1
355,3
355,4
356,1
356,2
356,4
356,6
356,7
357,1
357,2
357,4
358,0
358,2
358,4
358,5
359,1
359,2
359,4
360,1
360,2
360,4
361,0
361,2
361,3
361,5
362,1
362,2
362,4
362,5
363,1
363,3
363,4
364,1
364,2
364,4
364,5
365,0
365,2
365,3
365,5
365,6
365,8
366,1
366,2
366,4
366,5
367,1
367,2
367,4
368,1
368,2
368,4
369,0
369,2
369,4
369,5
370,1
370,2
370,4
371,1
371,2
371,4
372,0
372,2
372,3
373,0
373,2
373,3
373,5
373,6
374,0
374,2
374,3
374,5
375,0
375,2
375,3
375,5
376,0
376,1
376,3
376,4
377,0
377,2
377,3
377,5
377,6
378,1
378,2
378,4
379,0
379,1
379,3
379,4
379,6
380,1
380,2
380,4
380,5
381,1
381,3
381,4
382,1
382,2
383,0
383,1
383,3
383,5
383,6
384,1
384,2
384,4
385,0
385,1
385,3
385,4
386,1
386,2
386,4
387,1
387,2
387,4
387,5
388,1
388,3
388,4
389,0
389,1
389,3
389,4
390,1
390,3
390,4
391,1
391,2
391,4
392,0
392,1
392,3
393,0
393,2
393,4
394,0
394,2
394,3
394,5
394,6
395,1
395,3
395,4
395,6
396,0
396,2
396,4
396,5
397,1
397,2
397,4
397,5
398,0
398,2
398,3
398,5
399,0
399,2
399,4
399,5
399,7
399,8
400,1
400,2
400,4
400,6
401,0
401,2
401,3
401,5
402,0
402,1
402,3
402,4
402,6
403,0
403,2
403,4
404,0
404,2
404,3
404,5
405,1
405,2
405,4
406,0
406,2
406,4
407,0
407,2
407,3
407,5
407,6
408,1
408,3
408,4
409,0
409,1
409,3
410,0
410,1
410,3
410,4
411,0
411,1
411,3
411,5
411,6
412,1
412,2
412,4
413,0
413,1
413,3
413,4
413,6
414,0
414,2
414,4
414,5
415,1
415,2
415,4
415,6
416,0
416,2
416,3
416,5
416,7
416,8
417,1
417,2
417,4
418,0
418,2
418,4
418,5
419,0
419,1
419,3
419,5
420,0
420,2
420,3
421,0
421,1
421,3
422,0
422,1
422,3
422,4
422,6
423,0
423,1
423,3
424,0
424,2
424,3
425,0
425,2
425,3
426,0
426,1
426,3
426,5
426,6
427,1
427,2
427,4
428,0
428,2
428,4
429,0
429,2
429,3
430,0
430,2
430,3
430,5
430,6
431,0
431,2
431,3
432,0
432,1
432,3
432,4
433,0
433,2
433,3
434,0
434,1
434,3
434,5
436,0
436,2
436,3
436,5
436,6
436,8
437,0
437,1
437,3
438,0
438,2
439,0
439,1
439,3
440,0
440,2
440,3
441,1
441,3
442,0
442,2
442,3
443,1
443,3
444,0
444,2
444,3
445,1
445,3
446,0
446,2
446,3
447,1
447,2
448,0
448,2
448,3
448,5
448,6
449,1
449,3
449,4
450,1
450,2
450,4
450,5
450,7
450,9
450,10
451,0
451,1
451,3
451,5
451,6
452,1
452,2
452,4
452,5
453,0
453,2
453,3
454,0
454,1
454,3
454,5
455,0
455,2
455,3
455,5
455,6
456,1
456,3
456,4
457,0
457,1
457,3
457,5
458,0
458,2
458,3
459,0
459,2
459,3
459,5
460,0
460,2
460,3
461,1
461,3
461,4
461,6
461,7
462,1
462,3
463,0
463,2
463,3
464,1
464,2
464,4
464,6
465,0
465,2
465,3
465,5
466,0
466,1
466,3
466,4
467,1
467,2
467,4
467,6
467,7
468,1
468,2
468,4
469,0
469,1
469,3
469,4
470,0
470,2
470,3
470,5
471,0
471,2
471,3
471,5
472,0
472,1
472,3
472,4
473,1
473,3
473,4
474,0
474,1
474,3
474,4
474,6
475,0
475,1
475,3
475,4
476,0
476,2
476,3
476,5
477,0
477,2
477,3
478,1
478,3
478,4
479,0
479,1
479,3
480,0
480,1
480,3
480,4
481,0
481,2
481,3
481,5
482,0
482,2
482,3
482,5
483,1
483,2
483,4
483,5
484,1
484,3
484,4
485,0
485,1
485,3
485,4
486,1
486,3
486,4
487,0
487,1
487,3
487,5
488,0
488,2
488,3
488,5
489,0
489,2
489,4
490,0
490,2
490,3
491,1
491,3
491,4
491,6
491,7
492,1
492,2
492,4
493,1
493,2
493,4
494,0
494,2
494,4
495,0
495,2
495,3
496,0
496,2
496,3
496,5
497,0
497,2
497,3
498,0
498,2
498,3
499,0
499,1
499,3
500,0
500,1
500,3
500,4
501,1
501,2
501,4
502,1
502,2
502,4
503,2
503,5
503,7
503,8
503,10
503,11
503,13
503,14
503,16
503,18
503,19
503,21
503,22
503,24
503,26
503,27
503,29
503,30
503,32
503,34
503,35
503,37
503,38
503,40
503,41
503,43
503,45
503,46
503,48
503,49
503,51
503,53
503,54
503,56
503,57
503,59
503,55
503,52
503,50
503,47
503,44
503,42
503,39
503,36
503,33
503,31
503,28
503,25
503,23
503,20
503,17
503,15
503,12
503,9
503,6
503,4
502,3
502,0
501,3
501,0
500,2
499,4
499,2
498,4
498,1
497,4
497,1
496,4
496,1
495,4
495,1
494,3
494,1
493,3
493,0
492,3
492,0
491,5
491,2
491,0
490,1
489,3
489,1
488,4
488,1
487,4
487,2
486,5
486,2
486,0
485,2
484,5
484,2
484,0
483,3
483,0
482,4
482,1
481,4
481,1
480,5
480,2
479,4
479,2
478,5
478,2
478,0
477,1
476,4
476,1
475,5
475,2
474,7
474,5
474,2
473,5
473,2
473,0
472,2
471,6
471,4
471,1
470,4
470,1
469,5
469,2
468,5
468,3
468,0
467,5
467,3
467,0
466,2
465,6
465,4
465,1
464,5
464,3
464,0
463,1
462,2
462,0
461,5
461,2
461,0
460,1
459,4
459,1
458,4
458,1
457,4
457,2
456,5
456,2
456,0
455,4
455,1
454,4
454,2
453,4
453,1
452,6
452,3
452,0
451,4
451,2
450,11
450,8
450,6
450,3
450,0
449,2
449,0
448,4
448,1
447,3
447,0
446,1
445,2
445,0
444,1
443,2
443,0
442,1
441,2
441,0
440,1
439,2
438,3
438,1
437,2
436,9
436,7
436,4
436,1
434,4
434,2
433,4
433,1
432,5
432,2
431,4
431,1
430,7
430,4
430,1
429,4
429,1
428,3
428,1
427,3
427,0
426,4
426,2
425,4
425,1
424,4
424,1
423,2
422,7
422,5
422,2
421,4
421,2
420,4
420,1
419,4
419,2
418,6
418,3
418,1
417,3
417,0
416,6
416,4
416,1
415,5
415,3
415,0
414,3
414,1
413,5
413,2
412,5
412,3
412,0
411,4
411,2
410,5
410,2
409,4
409,2
408,5
408,2
408,0
407,4
407,1
406,3
406,1
405,3
405,0
404,4
404,1
403,3
403,1
402,5
402,2
401,6
401,4
401,1
400,5
400,3
400,0
399,6
399,3
399,1
398,4
398,1
397,6
397,3
397,0
396,3
396,1
395,5
395,2
395,0
394,4
394,1
393,3
393,1
392,2
391,5
391,3
391,0
390,2
390,0
389,2
388,5
388,2
388,0
387,3
387,0
386,3
386,0
385,2
384,5
384,3
384,0
383,4
383,2
382,3
382,0
381,2
381,0
380,3
380,0
379,5
379,2
378,5
378,3
378,0
377,4
377,1
376,5
376,2
375,6
375,4
375,1
374,4
374,1
373,7
373,4
373,1
372,4
372,1
371,3
371,0
370,3
370,0
369,3
369,1
368,3
368,0
367,3
367,0
366,3
366,0
365,7
365,4
365,1
364,6
364,3
364,0
363,2
363,0
362,3
362,0
361,4
361,1
360,3
360,0
359,3
359,0
358,3
358,1
357,3
357,0
356,5
356,3
356,0
355,2
355,0
354,4
354,1
353,4
353,1
352,3
352,0
351,5
351,2
350,6
350,4
350,1
349,4
349,1
348,5
348,2
347,7
347,5
347,2
346,5
346,2
346,0
345,2
344,4
344,2
343,4
343,1
342,4
342,1
341,4
341,1
340,8
340,5
340,2
340,0
339,2
338,3
338,0
337,4
337,1
336,3
336,1
335,3
335,0
334,4
334,2
333,4
333,1
332,6
332,3
332,0
331,5
331,3
331,0
330,2
330,0
329,5
329,2
329,0
328,4
328,1
327,5
327,3
327,0
326,4
326,2
325,9
325,6
325,3
325,1
324,6
324,3
324,1
323,3
323,0
322,2
322,0
321,3
321,0
320,5
320,2
319,6
319,4
319,1
318,4
318,1
317,6
317,3
317,0
316,4
316,1
315,3
315,0
314,3
314,0
313,3
313,1
312,4
312,1
311,4
311,2
310,4
310,1
309,6
309,3
309,0
308,2
308,0
307,2
306,8
306,6
306,3
306,0
305,6
305,3
305,0
304,5
304,3
304,0
303,2
303,0
302,2
301,4
301,1
300,7
300,4
300,1
299,8
299,5
299,2
298,3
298,1
297,5
297,2
297,0
296,4
296,1
295,5
295,2
294,7
294,4
294,2
293,7
293,4
293,2
292,8
292,5
292,2
292,0
291,3
291,0
290,3
290,0
289,2
288,4
288,2
287,5
287,2
287,0
286,2
285,5
285,3
285,0
284,2
283,4
283,2
282,4
282,1
281,4
281,1
280,3
280,0
279,3
279,0
278,2
278,0
277,2
276,4
276,1
275,4
275,1
274,3
274,1
273,3
273,0
272,2
272,0
271,4
271,1
270,4
270,1
269,3
269,1
268,3
268,0
267,3
267,1
266,5
266,2
266,0
265,3
265,0
264,2
264,0
263,2
262,5
262,3
262,0
261,3
261,0
260,3
260,0
259,2
259,0
258,2
257,3
257,1
256,6
256,3
256,0
255,5
255,2
254,6
254,4
254,1
253,5
253,2
253,0
252,4
252,1
251,6
251,3
251,0
250,2
250,0
249,5
249,2
249,0
248,2
247,4
247,1
246,8
246,5
246,2
246,0
245,2
244,5
244,3
244,0
243,3
243,0
242,4
242,1
241,3
241,1
240,8
240,5
240,2
240,0
239,3
239,0
238,4
238,1
237,5
237,2
237,0
236,3
236,0
235,5
235,2
234,5
234,3
234,0
233,4
233,1
232,5
232,2
231,6
231,4
231,1
230,4
230,1
229,5
229,2
228,6
228,4
228,1
227,4
227,1
226,5
226,2
225,6
225,4
225,1
224,5
224,2
224,0
223,3
223,0
222,2
221,5
221,2
221,0
220,6
220,3
220,0
219,5
219,2
218,5
218,3
218,0
217,5
217,2
217,0
216,3
216,0
215,4
215,1
214,4
214,1
213,5
213,2
212,6
212,4
212,1
211,5
211,3
211,0
210,4
210,1
209,5
209,2
208,7
208,5
208,2
207,8
207,5
207,3
207,0
206,5
206,3
206,0
205,3
205,0
204,6
204,3
204,0
203,3
203,0
202,3
202,1
201,3
201,0
200,4
200,2
199,6
199,3
199,1
198,3
198,0
197,4
197,2
196,4
196,1
195,6
195,3
195,0
194,4
194,2
193,6
193,3
193,1
192,3
192,0
191,3
191,1
190,3
190,0
189,6
189,3
189,0
188,5
188,2
187,7
187,4
187,2
186,4
186,1
185,6
185,3
185,0
184,4
184,2
183,4
183,1
182,6
182,3
182,0
181,5
181,3
181,0
180,3
180,1
179,4
179,1
178,7
178,4
178,1
177,4
177,2
176,5
176,2
176,0
175,4
175,1
174,4
174,2
173,7
173,4
173,2
172,3
172,0
171,1
170,7
170,4
170,1
169,4
169,1
168,4
168,1
167,9
167,6
167,3
167,1
166,4
166,1
165,7
165,4
165,1
164,14
164,12
164,9
164,6
164,4
164,1
163,3
163,0
162,4
162,1
161,5
161,3
161,0
160,5
160,2
160,0
159,2
158,4
158,2
157,3
157,0
156,4
156,1
155,2
154,6
154,4
154,1
153,4
153,2
152,11
152,8
152,5
152,3
152,0
151,1
150,4
150,1
149,4
149,1
148,6
148,3
148,0
147,4
147,1
146,4
146,1
145,3
145,0
144,3
144,1
143,4
143,1
142,4
142,1
141,4
141,1
140,6
140,3
140,0
139,3
139,0
138,3
138,0
137,5
137,2
136,5
136,3
136,0
135,3
135,0
134,6
134,3
134,0
133,3
133,0
132,5
132,3
132,0
131,3
131,0
130,2
129,7
129,4
129,2
128,4
128,1
127,11
127,9
127,6
127,3
127,1
126,10
126,7
126,4
126,2
125,9
125,6
125,4
125,1
124,8
124,6
124,3
124,0
123,7
123,5
123,2
122,12
122,10
122,7
122,4
122,1
121,5
121,2
120,6
120,4
120,1
119,6
119,3
119,1
118,4
118,1
117,4
117,1
116,3
116,0
115,3
115,0
114,4
114,2
113,4
113,1
112,4
112,1
111,2
110,3
110,1
109,3
109,0
108,3
108,0
107,2
106,5
106,3
106,0
105,1
104,4
104,1
103,3
103,0
102,3
102,0
101,2
101,0
100,4
100,1
99,7
99,4
99,1
98,3
98,1
97,3
97,0
96,3
96,0
95,4
95,1
94,6
94,3
94,0
93,4
93,1
92,5
92,2
92,0
91,5
91,2
91,0
90,5
90,2
89,4
89,2
88,3
88,0
87,2
86,5
86,2
86,0
85,4
85,1
84,40
84,38
84,35
84,32
84,30
84,27
84,24
84,21
84,19
84,16
84,13
84,11
84,8
84,5
84,2
84,0
83,8
83,5
83,3
83,0
82,4
82,2
81,6
81,3
81,0
80,5
80,2
79,6
79,4
79,1
78,10
78,7
78,5
78,2
77,3
77,1
76,5
76,2
75,5
75,3
75,0
74,8
74,6
74,3
74,0
73,5
73,3
73,0
72,5
72,3
72,0
71,5
71,3
71,0
70,4
70,1
69,6
69,3
69,0
68,5
68,2
67,9
67,6
67,4
67,1
66,4
66,2
65,4
65,1
64,5
64,3
64,0
63,3
63,1
62,17
62,14
62,12
62,9
62,6
62,3
62,1
61,7
61,4
61,2
60,4
60,1
59,3
59,1
58,5
58,2
58,0
57,4
57,1
56,5
56,3
56,0
55,3
55,1
54,5
54,2
54,0
53,3
53,0
52,3
52,1
51,6
51,3
51,1
50,5
50,2
49,7
49,5
49,2
48,6
48,4
48,1
47,3
47,0
46,2
45,8
45,5
45,3
45,0
44,2
43,15
43,13
43,10
43,7
43,5
43,2
42,5
42,3
42,0
41,3
41,0
40,4
40,1
39,3
39,1
38,3
38,0
37,3
37,1
36,8
36,5
36,3
36,0
35,5
35,2
35,0
34,4
34,1
33,7
33,4
33,1
32,8
32,5
32,2
31,4
31,2
30,6
30,3
30,1
29,3
29,0
28,6
28,4
28,1
27,24
27,22
27,19
27,16
27,13
27,11
27,8
27,5
27,3
27,0
26,19
26,16
26,14
26,11
26,8
26,6
26,3
26,0
25,20
25,17
25,14
25,11
25,9
25,6
25,3
25,1
24,8
24,5
24,2
24,0
3,5
3,2
3,0
2,130
2,127
2,124
2,122
2,119
2,116
2,114
2,111
2,107
2,105
2,102
2,99
2,96
2,94
2,91
2,88
2,86
2,83
2,80
2,77
2,75
2,72
2,69
2,67
2,64
2,33
2,30
2,28
2,25
2,22
2,20
2,17
2,14
0,275
0,352
0,274
0,419
0,273
0,506
0,272
0,350
0,271
0,434
0,270
0,404
0,269
0,330
0,268
0,386
0,267
0,426
0,266
0,378
0,265
0,406
0,264
0,435
0,263
0,438
0,262
0,467
0,261
0,309
0,260
0,397
0,259
0,415
0,258
0,439
0,257
0,403
0,256
0,400
0,255
0,396
0,254
0,389
0,253
0,252
0,338
0,251
0,376
0,250
0,511
0,249
0,490
0,248
0,394
0,247
0,331
0,246
0,327
0,245
0,442
0,244
0,384
0,242
0,372
0,241
0,240
0,306
0,239
0,319
0,238
0,320
0,237
0,494
0,236
0,466
0,235
0,383
0,234
0,233
0,428
0,232
0,343
0,231
0,495
0,230
0,229
0,413
0,228
0,315
0,227
0,408
0,226
0,509
0,225
0,475
0,224
0,314
0,223
0,402
0,222
0,483
0,221
0,437
0,220
0,339
0,219
0,474
0,218
0,433
0,217
0,401
0,216
0,366
0,215
0,471
0,214
0,425
0,213
0,493
0,212
0,479
0,211
0,210
0,469
0,209
0,499
0,208
0,313
0,207
0,508
0,206
0,429
0,205
0,497
0,204
0,355
0,203
0,318
0,202
0,323
0,201
0,477
0,200
0,487
0,199
0,398
0,198
0,492
0,197
0,301
0,196
0,470
0,195
0,417
0,194
0,485
0,193
0,363
0,192
0,441
0,63
0,436
0,62
0,510
0,61
0,395
0,60
0,452
0,59
0,392
0,58
0,409
0,57
0,340
0,56
0,491
0,55
0,505
0,54
0,312
0,53
0,326
0,52
0,388
0,51
0,496
0,50
0,317
0,49
0,440
0,48
0,393
0,47
0,410
0,46
0,316
0,45
0,423
0,6
0,5
0,1
0,430
0,11
0,4
0,2
0,3
0,7
